519,81 -> 524,81
534,161 -> 534,157 -> 534,161 -> 536,161 -> 536,154 -> 536,161 -> 538,161 -> 538,156 -> 538,161 -> 540,161 -> 540,153 -> 540,161 -> 542,161 -> 542,151 -> 542,161 -> 544,161 -> 544,160 -> 544,161 -> 546,161 -> 546,156 -> 546,161 -> 548,161 -> 548,159 -> 548,161 -> 550,161 -> 550,159 -> 550,161 -> 552,161 -> 552,159 -> 552,161
499,53 -> 499,57 -> 491,57 -> 491,63 -> 513,63 -> 513,57 -> 505,57 -> 505,53
530,130 -> 530,123 -> 530,130 -> 532,130 -> 532,126 -> 532,130 -> 534,130 -> 534,128 -> 534,130 -> 536,130 -> 536,123 -> 536,130 -> 538,130 -> 538,124 -> 538,130 -> 540,130 -> 540,126 -> 540,130 -> 542,130 -> 542,122 -> 542,130 -> 544,130 -> 544,127 -> 544,130 -> 546,130 -> 546,125 -> 546,130 -> 548,130 -> 548,125 -> 548,130
540,132 -> 540,133 -> 552,133 -> 552,132
495,50 -> 495,40 -> 495,50 -> 497,50 -> 497,43 -> 497,50 -> 499,50 -> 499,43 -> 499,50 -> 501,50 -> 501,41 -> 501,50
547,139 -> 552,139
558,142 -> 563,142
501,24 -> 505,24
551,142 -> 556,142
486,37 -> 486,34 -> 486,37 -> 488,37 -> 488,34 -> 488,37 -> 490,37 -> 490,28 -> 490,37 -> 492,37 -> 492,28 -> 492,37 -> 494,37 -> 494,30 -> 494,37 -> 496,37 -> 496,36 -> 496,37 -> 498,37 -> 498,36 -> 498,37
512,66 -> 512,70 -> 505,70 -> 505,78 -> 521,78 -> 521,70 -> 516,70 -> 516,66
551,164 -> 551,168 -> 546,168 -> 546,171 -> 556,171 -> 556,168 -> 555,168 -> 555,164
507,20 -> 511,20
545,148 -> 550,148
522,104 -> 526,104
517,90 -> 522,90
538,148 -> 543,148
548,145 -> 553,145
514,93 -> 514,97 -> 506,97 -> 506,101 -> 523,101 -> 523,97 -> 518,97 -> 518,93
528,108 -> 532,108
562,145 -> 567,145
495,24 -> 499,24
541,116 -> 541,117 -> 549,117 -> 549,116
501,20 -> 505,20
554,139 -> 559,139
552,148 -> 557,148
523,84 -> 528,84
524,90 -> 529,90
544,142 -> 549,142
559,148 -> 564,148
507,24 -> 511,24
498,22 -> 502,22
525,106 -> 529,106
510,90 -> 515,90
494,14 -> 494,15 -> 505,15 -> 505,14
555,145 -> 560,145
522,108 -> 526,108
504,18 -> 508,18
519,106 -> 523,106
510,22 -> 514,22
513,24 -> 517,24
527,87 -> 532,87
531,90 -> 536,90
504,22 -> 508,22
520,87 -> 525,87
550,136 -> 555,136
528,112 -> 542,112
516,84 -> 521,84
516,108 -> 520,108
541,145 -> 546,145
513,87 -> 518,87
566,148 -> 571,148